2	12	3
0.113149	0.292544	0.583003
0.713416	-0.936758	-0.195669
-0.032147	-0.089001	0.034507
0.533970	-0.635482	-0.635482
0.793116	-0.819358	-0.819358
-0.037768	-0.375234	-0.375234
-0.913427	-0.302089	-0.302089
-0.907874	0.880210	0.880210
-0.186761	0.480090	0.480090
0.113149	0.292544	0.583003
0.713416	-0.936758	-0.195669
-0.032147	-0.089001	0.034507
16 
0.000000 0.066667 0.133333 0.200000 0.266667 0.333333 0.400000 0.466667 0.533333 0.600000 0.666667 0.733333 0.800000 0.866667 0.933333 1.000000 
0.905876	0.029628	-0.369710

